486
178
(10.000000, -22.772598, 10.000000) (0.100000, 0.472274, 0.100000) (0.000000, 0.000000)
(10.000000, -22.772598, 0.000000) (0.100000, 0.472274, 0.000000) (0.000000, 0.000000)
(0.000000, 11.179100, 0.000000) (0.000000, 0.811791, 0.000000) (0.000000, 0.000000)
(0.000000, 11.179100, 10.000000) (0.000000, 0.811791, 0.100000) (0.000000, 0.000000)
(10.000000, -22.772598, 10.000000) (0.100000, 0.472274, 0.100000) (0.000000, 0.000000)
(0.000000, 11.179100, 0.000000) (0.000000, 0.811791, 0.000000) (0.000000, 0.000000)
(10.000000, -38.006599, 20.000000) (0.100000, 0.319934, 0.200000) (0.000000, 0.000000)
(10.000000, -22.772598, 10.000000) (0.100000, 0.472274, 0.100000) (0.000000, 0.000000)
(0.000000, 11.179100, 10.000000) (0.000000, 0.811791, 0.100000) (0.000000, 0.000000)
(0.000000, 11.179100, 20.000000) (0.000000, 0.811791, 0.200000) (0.000000, 0.000000)
(10.000000, -38.006599, 20.000000) (0.100000, 0.319934, 0.200000) (0.000000, 0.000000)
(0.000000, 11.179100, 10.000000) (0.000000, 0.811791, 0.100000) (0.000000, 0.000000)
(10.000000, -12.382996, 30.000002) (0.100000, 0.576170, 0.300000) (0.000000, 0.000000)
(10.000000, -38.006599, 20.000000) (0.100000, 0.319934, 0.200000) (0.000000, 0.000000)
(0.000000, 11.179100, 20.000000) (0.000000, 0.811791, 0.200000) (0.000000, 0.000000)
(0.000000, 5.149498, 30.000002) (0.000000, 0.751495, 0.300000) (0.000000, 0.000000)
(10.000000, -12.382996, 30.000002) (0.100000, 0.576170, 0.300000) (0.000000, 0.000000)
(0.000000, 11.179100, 20.000000) (0.000000, 0.811791, 0.200000) (0.000000, 0.000000)
(10.000000, -34.347603, 40.000000) (0.100000, 0.356524, 0.400000) (0.000000, 0.000000)
(10.000000, -12.382996, 30.000002) (0.100000, 0.576170, 0.300000) (0.000000, 0.000000)
(0.000000, 5.149498, 30.000002) (0.000000, 0.751495, 0.300000) (0.000000, 0.000000)
(0.000000, 5.149498, 40.000000) (0.000000, 0.751495, 0.400000) (0.000000, 0.000000)
(10.000000, -34.347603, 40.000000) (0.100000, 0.356524, 0.400000) (0.000000, 0.000000)
(0.000000, 5.149498, 30.000002) (0.000000, 0.751495, 0.300000) (0.000000, 0.000000)
(10.000000, -9.723801, 50.000000) (0.100000, 0.602762, 0.500000) (0.000000, 0.000000)
(10.000000, -34.347603, 40.000000) (0.100000, 0.356524, 0.400000) (0.000000, 0.000000)
(0.000000, 5.149498, 40.000000) (0.000000, 0.751495, 0.400000) (0.000000, 0.000000)
(0.000000, -26.514099, 50.000000) (0.000000, 0.434859, 0.500000) (0.000000, 0.000000)
(10.000000, -9.723801, 50.000000) (0.100000, 0.602762, 0.500000) (0.000000, 0.000000)
(0.000000, 5.149498, 40.000000) (0.000000, 0.751495, 0.400000) (0.000000, 0.000000)
(10.000000, -26.565701, 60.000004) (0.100000, 0.434343, 0.600000) (0.000000, 0.000000)
(10.000000, -9.723801, 50.000000) (0.100000, 0.602762, 0.500000) (0.000000, 0.000000)
(0.000000, -26.514099, 50.000000) (0.000000, 0.434859, 0.500000) (0.000000, 0.000000)
(0.000000, -26.514099, 60.000004) (0.000000, 0.434859, 0.600000) (0.000000, 0.000000)
(10.000000, -26.565701, 60.000004) (0.100000, 0.434343, 0.600000) (0.000000, 0.000000)
(0.000000, -26.514099, 50.000000) (0.000000, 0.434859, 0.500000) (0.000000, 0.000000)
(10.000000, -16.536797, 70.000008) (0.100000, 0.534632, 0.700000) (0.000000, 0.000000)
(10.000000, -26.565701, 60.000004) (0.100000, 0.434343, 0.600000) (0.000000, 0.000000)
(0.000000, -26.514099, 60.000004) (0.000000, 0.434859, 0.600000) (0.000000, 0.000000)
(0.000000, -26.885201, 70.000008) (0.000000, 0.431148, 0.700000) (0.000000, 0.000000)
(10.000000, -16.536797, 70.000008) (0.100000, 0.534632, 0.700000) (0.000000, 0.000000)
(0.000000, -26.514099, 60.000004) (0.000000, 0.434859, 0.600000) (0.000000, 0.000000)
(10.000000, -28.781700, 80.000008) (0.100000, 0.412183, 0.800000) (0.000000, 0.000000)
(10.000000, -16.536797, 70.000008) (0.100000, 0.534632, 0.700000) (0.000000, 0.000000)
(0.000000, -26.885201, 70.000008) (0.000000, 0.431148, 0.700000) (0.000000, 0.000000)
(0.000000, -0.210297, 80.000008) (0.000000, 0.697897, 0.800000) (0.000000, 0.000000)
(10.000000, -28.781700, 80.000008) (0.100000, 0.412183, 0.800000) (0.000000, 0.000000)
(0.000000, -26.885201, 70.000008) (0.000000, 0.431148, 0.700000) (0.000000, 0.000000)
(10.000000, -6.497601, 90.000008) (0.100000, 0.635024, 0.900000) (0.000000, 0.000000)
(10.000000, -28.781700, 80.000008) (0.100000, 0.412183, 0.800000) (0.000000, 0.000000)
(0.000000, -0.210297, 80.000008) (0.000000, 0.697897, 0.800000) (0.000000, 0.000000)
(0.000000, -7.569599, 90.000008) (0.000000, 0.624304, 0.900000) (0.000000, 0.000000)
(10.000000, -6.497601, 90.000008) (0.100000, 0.635024, 0.900000) (0.000000, 0.000000)
(0.000000, -0.210297, 80.000008) (0.000000, 0.697897, 0.800000) (0.000000, 0.000000)
(20.000000, -43.366299, 10.000000) (0.200000, 0.266337, 0.100000) (0.000000, 0.000000)
(20.000000, -43.634300, 0.000000) (0.200000, 0.263657, 0.000000) (0.000000, 0.000000)
(10.000000, -22.772598, 0.000000) (0.100000, 0.472274, 0.000000) (0.000000, 0.000000)
(10.000000, -22.772598, 10.000000) (0.100000, 0.472274, 0.100000) (0.000000, 0.000000)
(20.000000, -43.366299, 10.000000) (0.200000, 0.266337, 0.100000) (0.000000, 0.000000)
(10.000000, -22.772598, 0.000000) (0.100000, 0.472274, 0.000000) (0.000000, 0.000000)
(20.000000, -41.181198, 20.000000) (0.200000, 0.288188, 0.200000) (0.000000, 0.000000)
(20.000000, -43.366299, 10.000000) (0.200000, 0.266337, 0.100000) (0.000000, 0.000000)
(10.000000, -22.772598, 10.000000) (0.100000, 0.472274, 0.100000) (0.000000, 0.000000)
(10.000000, -38.006599, 20.000000) (0.100000, 0.319934, 0.200000) (0.000000, 0.000000)
(20.000000, -41.181198, 20.000000) (0.200000, 0.288188, 0.200000) (0.000000, 0.000000)
(10.000000, -22.772598, 10.000000) (0.100000, 0.472274, 0.100000) (0.000000, 0.000000)
(20.000000, -25.184502, 30.000002) (0.200000, 0.448155, 0.300000) (0.000000, 0.000000)
(20.000000, -41.181198, 20.000000) (0.200000, 0.288188, 0.200000) (0.000000, 0.000000)
(10.000000, -38.006599, 20.000000) (0.100000, 0.319934, 0.200000) (0.000000, 0.000000)
(10.000000, -12.382996, 30.000002) (0.100000, 0.576170, 0.300000) (0.000000, 0.000000)
(20.000000, -25.184502, 30.000002) (0.200000, 0.448155, 0.300000) (0.000000, 0.000000)
(10.000000, -38.006599, 20.000000) (0.100000, 0.319934, 0.200000) (0.000000, 0.000000)
(20.000000, -21.844997, 40.000000) (0.200000, 0.481550, 0.400000) (0.000000, 0.000000)
(20.000000, -25.184502, 30.000002) (0.200000, 0.448155, 0.300000) (0.000000, 0.000000)
(10.000000, -12.382996, 30.000002) (0.100000, 0.576170, 0.300000) (0.000000, 0.000000)
(10.000000, -34.347603, 40.000000) (0.100000, 0.356524, 0.400000) (0.000000, 0.000000)
(20.000000, -21.844997, 40.000000) (0.200000, 0.481550, 0.400000) (0.000000, 0.000000)
(10.000000, -12.382996, 30.000002) (0.100000, 0.576170, 0.300000) (0.000000, 0.000000)
(20.000000, -46.654301, 50.000000) (0.200000, 0.233457, 0.500000) (0.000000, 0.000000)
(20.000000, -21.844997, 40.000000) (0.200000, 0.481550, 0.400000) (0.000000, 0.000000)
(10.000000, -34.347603, 40.000000) (0.100000, 0.356524, 0.400000) (0.000000, 0.000000)
(10.000000, -9.723801, 50.000000) (0.100000, 0.602762, 0.500000) (0.000000, 0.000000)
(20.000000, -46.654301, 50.000000) (0.200000, 0.233457, 0.500000) (0.000000, 0.000000)
(10.000000, -34.347603, 40.000000) (0.100000, 0.356524, 0.400000) (0.000000, 0.000000)
(20.000000, -41.696602, 60.000004) (0.200000, 0.283034, 0.600000) (0.000000, 0.000000)
(20.000000, -46.654301, 50.000000) (0.200000, 0.233457, 0.500000) (0.000000, 0.000000)
(10.000000, -9.723801, 50.000000) (0.100000, 0.602762, 0.500000) (0.000000, 0.000000)
(10.000000, -26.565701, 60.000004) (0.100000, 0.434343, 0.600000) (0.000000, 0.000000)
(20.000000, -41.696602, 60.000004) (0.200000, 0.283034, 0.600000) (0.000000, 0.000000)
(10.000000, -9.723801, 50.000000) (0.100000, 0.602762, 0.500000) (0.000000, 0.000000)
(20.000000, -16.536797, 70.000008) (0.200000, 0.534632, 0.700000) (0.000000, 0.000000)
(20.000000, -41.696602, 60.000004) (0.200000, 0.283034, 0.600000) (0.000000, 0.000000)
(10.000000, -26.565701, 60.000004) (0.100000, 0.434343, 0.600000) (0.000000, 0.000000)
(10.000000, -16.536797, 70.000008) (0.100000, 0.534632, 0.700000) (0.000000, 0.000000)
(20.000000, -16.536797, 70.000008) (0.200000, 0.534632, 0.700000) (0.000000, 0.000000)
(10.000000, -26.565701, 60.000004) (0.100000, 0.434343, 0.600000) (0.000000, 0.000000)
(20.000000, -28.781700, 80.000008) (0.200000, 0.412183, 0.800000) (0.000000, 0.000000)
(20.000000, -16.536797, 70.000008) (0.200000, 0.534632, 0.700000) (0.000000, 0.000000)
(10.000000, -16.536797, 70.000008) (0.100000, 0.534632, 0.700000) (0.000000, 0.000000)
(10.000000, -28.781700, 80.000008) (0.100000, 0.412183, 0.800000) (0.000000, 0.000000)
(20.000000, -28.781700, 80.000008) (0.200000, 0.412183, 0.800000) (0.000000, 0.000000)
(10.000000, -16.536797, 70.000008) (0.100000, 0.534632, 0.700000) (0.000000, 0.000000)
(20.000000, -27.647900, 90.000008) (0.200000, 0.423521, 0.900000) (0.000000, 0.000000)
(20.000000, -28.781700, 80.000008) (0.200000, 0.412183, 0.800000) (0.000000, 0.000000)
(10.000000, -28.781700, 80.000008) (0.100000, 0.412183, 0.800000) (0.000000, 0.000000)
(10.000000, -6.497601, 90.000008) (0.100000, 0.635024, 0.900000) (0.000000, 0.000000)
(20.000000, -27.647900, 90.000008) (0.200000, 0.423521, 0.900000) (0.000000, 0.000000)
(10.000000, -28.781700, 80.000008) (0.100000, 0.412183, 0.800000) (0.000000, 0.000000)
(30.000002, -23.731201, 10.000000) (0.300000, 0.462688, 0.100000) (0.000000, 0.000000)
(30.000002, -24.658802, 0.000000) (0.300000, 0.453412, 0.000000) (0.000000, 0.000000)
(20.000000, -43.634300, 0.000000) (0.200000, 0.263657, 0.000000) (0.000000, 0.000000)
(20.000000, -43.366299, 10.000000) (0.200000, 0.266337, 0.100000) (0.000000, 0.000000)
(30.000002, -23.731201, 10.000000) (0.300000, 0.462688, 0.100000) (0.000000, 0.000000)
(20.000000, -43.634300, 0.000000) (0.200000, 0.263657, 0.000000) (0.000000, 0.000000)
(30.000002, -31.616199, 20.000000) (0.300000, 0.383838, 0.200000) (0.000000, 0.000000)
(30.000002, -23.731201, 10.000000) (0.300000, 0.462688, 0.100000) (0.000000, 0.000000)
(20.000000, -43.366299, 10.000000) (0.200000, 0.266337, 0.100000) (0.000000, 0.000000)
(20.000000, -41.181198, 20.000000) (0.200000, 0.288188, 0.200000) (0.000000, 0.000000)
(30.000002, -31.616199, 20.000000) (0.300000, 0.383838, 0.200000) (0.000000, 0.000000)
(20.000000, -43.366299, 10.000000) (0.200000, 0.266337, 0.100000) (0.000000, 0.000000)
(30.000002, -37.501499, 30.000002) (0.300000, 0.324985, 0.300000) (0.000000, 0.000000)
(30.000002, -31.616199, 20.000000) (0.300000, 0.383838, 0.200000) (0.000000, 0.000000)
(20.000000, -41.181198, 20.000000) (0.200000, 0.288188, 0.200000) (0.000000, 0.000000)
(20.000000, -25.184502, 30.000002) (0.200000, 0.448155, 0.300000) (0.000000, 0.000000)
(30.000002, -37.501499, 30.000002) (0.300000, 0.324985, 0.300000) (0.000000, 0.000000)
(20.000000, -41.181198, 20.000000) (0.200000, 0.288188, 0.200000) (0.000000, 0.000000)
(30.000002, -16.351303, 40.000000) (0.300000, 0.536487, 0.400000) (0.000000, 0.000000)
(30.000002, -37.501499, 30.000002) (0.300000, 0.324985, 0.300000) (0.000000, 0.000000)
(20.000000, -25.184502, 30.000002) (0.200000, 0.448155, 0.300000) (0.000000, 0.000000)
(20.000000, -21.844997, 40.000000) (0.200000, 0.481550, 0.400000) (0.000000, 0.000000)
(30.000002, -16.351303, 40.000000) (0.300000, 0.536487, 0.400000) (0.000000, 0.000000)
(20.000000, -25.184502, 30.000002) (0.200000, 0.448155, 0.300000) (0.000000, 0.000000)
(30.000002, -42.850998, 50.000000) (0.300000, 0.271490, 0.500000) (0.000000, 0.000000)
(30.000002, -16.351303, 40.000000) (0.300000, 0.536487, 0.400000) (0.000000, 0.000000)
(20.000000, -21.844997, 40.000000) (0.200000, 0.481550, 0.400000) (0.000000, 0.000000)
(20.000000, -46.654301, 50.000000) (0.200000, 0.233457, 0.500000) (0.000000, 0.000000)
(30.000002, -42.850998, 50.000000) (0.300000, 0.271490, 0.500000) (0.000000, 0.000000)
(20.000000, -21.844997, 40.000000) (0.200000, 0.481550, 0.400000) (0.000000, 0.000000)
(30.000002, -48.571400, 60.000004) (0.300000, 0.214286, 0.600000) (0.000000, 0.000000)
(30.000002, -42.850998, 50.000000) (0.300000, 0.271490, 0.500000) (0.000000, 0.000000)
(20.000000, -46.654301, 50.000000) (0.200000, 0.233457, 0.500000) (0.000000, 0.000000)
(20.000000, -41.696602, 60.000004) (0.200000, 0.283034, 0.600000) (0.000000, 0.000000)
(30.000002, -48.571400, 60.000004) (0.300000, 0.214286, 0.600000) (0.000000, 0.000000)
(20.000000, -46.654301, 50.000000) (0.200000, 0.233457, 0.500000) (0.000000, 0.000000)
(30.000002, -46.613098, 70.000008) (0.300000, 0.233869, 0.700000) (0.000000, 0.000000)
(30.000002, -48.571400, 60.000004) (0.300000, 0.214286, 0.600000) (0.000000, 0.000000)
(20.000000, -41.696602, 60.000004) (0.200000, 0.283034, 0.600000) (0.000000, 0.000000)
(20.000000, -16.536797, 70.000008) (0.200000, 0.534632, 0.700000) (0.000000, 0.000000)
(30.000002, -46.613098, 70.000008) (0.300000, 0.233869, 0.700000) (0.000000, 0.000000)
(20.000000, -41.696602, 60.000004) (0.200000, 0.283034, 0.600000) (0.000000, 0.000000)
(30.000002, -40.583401, 80.000008) (0.300000, 0.294166, 0.800000) (0.000000, 0.000000)
(30.000002, -46.613098, 70.000008) (0.300000, 0.233869, 0.700000) (0.000000, 0.000000)
(20.000000, -16.536797, 70.000008) (0.200000, 0.534632, 0.700000) (0.000000, 0.000000)
(20.000000, -28.781700, 80.000008) (0.200000, 0.412183, 0.800000) (0.000000, 0.000000)
(30.000002, -40.583401, 80.000008) (0.300000, 0.294166, 0.800000) (0.000000, 0.000000)
(20.000000, -16.536797, 70.000008) (0.200000, 0.534632, 0.700000) (0.000000, 0.000000)
(30.000002, -27.575802, 90.000008) (0.300000, 0.424242, 0.900000) (0.000000, 0.000000)
(30.000002, -40.583401, 80.000008) (0.300000, 0.294166, 0.800000) (0.000000, 0.000000)
(20.000000, -28.781700, 80.000008) (0.200000, 0.412183, 0.800000) (0.000000, 0.000000)
(20.000000, -27.647900, 90.000008) (0.200000, 0.423521, 0.900000) (0.000000, 0.000000)
(30.000002, -27.575802, 90.000008) (0.300000, 0.424242, 0.900000) (0.000000, 0.000000)
(20.000000, -28.781700, 80.000008) (0.200000, 0.412183, 0.800000) (0.000000, 0.000000)
(40.000000, -30.399899, 10.000000) (0.400000, 0.396001, 0.100000) (0.000000, 0.000000)
(40.000000, -33.368401, 0.000000) (0.400000, 0.366316, 0.000000) (0.000000, 0.000000)
(30.000002, -24.658802, 0.000000) (0.300000, 0.453412, 0.000000) (0.000000, 0.000000)
(30.000002, -23.731201, 10.000000) (0.300000, 0.462688, 0.100000) (0.000000, 0.000000)
(40.000000, -30.399899, 10.000000) (0.400000, 0.396001, 0.100000) (0.000000, 0.000000)
(30.000002, -24.658802, 0.000000) (0.300000, 0.453412, 0.000000) (0.000000, 0.000000)
(40.000000, -37.553101, 20.000000) (0.400000, 0.324469, 0.200000) (0.000000, 0.000000)
(40.000000, -30.399899, 10.000000) (0.400000, 0.396001, 0.100000) (0.000000, 0.000000)
(30.000002, -23.731201, 10.000000) (0.300000, 0.462688, 0.100000) (0.000000, 0.000000)
(30.000002, -31.616199, 20.000000) (0.300000, 0.383838, 0.200000) (0.000000, 0.000000)
(40.000000, -37.553101, 20.000000) (0.400000, 0.324469, 0.200000) (0.000000, 0.000000)
(30.000002, -23.731201, 10.000000) (0.300000, 0.462688, 0.100000) (0.000000, 0.000000)
(40.000000, -33.605400, 30.000002) (0.400000, 0.363946, 0.300000) (0.000000, 0.000000)
(40.000000, -37.553101, 20.000000) (0.400000, 0.324469, 0.200000) (0.000000, 0.000000)
(30.000002, -31.616199, 20.000000) (0.300000, 0.383838, 0.200000) (0.000000, 0.000000)
(30.000002, -37.501499, 30.000002) (0.300000, 0.324985, 0.300000) (0.000000, 0.000000)
(40.000000, -33.605400, 30.000002) (0.400000, 0.363946, 0.300000) (0.000000, 0.000000)
(30.000002, -31.616199, 20.000000) (0.300000, 0.383838, 0.200000) (0.000000, 0.000000)
(40.000000, -59.404198, 40.000000) (0.400000, 0.105958, 0.400000) (0.000000, 0.000000)
(40.000000, -33.605400, 30.000002) (0.400000, 0.363946, 0.300000) (0.000000, 0.000000)
(30.000002, -37.501499, 30.000002) (0.300000, 0.324985, 0.300000) (0.000000, 0.000000)
(30.000002, -16.351303, 40.000000) (0.300000, 0.536487, 0.400000) (0.000000, 0.000000)
(40.000000, -59.404198, 40.000000) (0.400000, 0.105958, 0.400000) (0.000000, 0.000000)
(30.000002, -37.501499, 30.000002) (0.300000, 0.324985, 0.300000) (0.000000, 0.000000)
(40.000000, -42.716999, 50.000000) (0.400000, 0.272830, 0.500000) (0.000000, 0.000000)
(40.000000, -59.404198, 40.000000) (0.400000, 0.105958, 0.400000) (0.000000, 0.000000)
(30.000002, -16.351303, 40.000000) (0.300000, 0.536487, 0.400000) (0.000000, 0.000000)
(30.000002, -42.850998, 50.000000) (0.300000, 0.271490, 0.500000) (0.000000, 0.000000)
(40.000000, -42.716999, 50.000000) (0.400000, 0.272830, 0.500000) (0.000000, 0.000000)
(30.000002, -16.351303, 40.000000) (0.300000, 0.536487, 0.400000) (0.000000, 0.000000)
(40.000000, -48.571400, 60.000004) (0.400000, 0.214286, 0.600000) (0.000000, 0.000000)
(40.000000, -42.716999, 50.000000) (0.400000, 0.272830, 0.500000) (0.000000, 0.000000)
(30.000002, -42.850998, 50.000000) (0.300000, 0.271490, 0.500000) (0.000000, 0.000000)
(30.000002, -48.571400, 60.000004) (0.300000, 0.214286, 0.600000) (0.000000, 0.000000)
(40.000000, -48.571400, 60.000004) (0.400000, 0.214286, 0.600000) (0.000000, 0.000000)
(30.000002, -42.850998, 50.000000) (0.300000, 0.271490, 0.500000) (0.000000, 0.000000)
(40.000000, -47.231499, 70.000008) (0.400000, 0.227685, 0.700000) (0.000000, 0.000000)
(40.000000, -48.571400, 60.000004) (0.400000, 0.214286, 0.600000) (0.000000, 0.000000)
(30.000002, -48.571400, 60.000004) (0.300000, 0.214286, 0.600000) (0.000000, 0.000000)
(30.000002, -46.613098, 70.000008) (0.300000, 0.233869, 0.700000) (0.000000, 0.000000)
(40.000000, -47.231499, 70.000008) (0.400000, 0.227685, 0.700000) (0.000000, 0.000000)
(30.000002, -48.571400, 60.000004) (0.300000, 0.214286, 0.600000) (0.000000, 0.000000)
(40.000000, -40.583401, 80.000008) (0.400000, 0.294166, 0.800000) (0.000000, 0.000000)
(40.000000, -47.231499, 70.000008) (0.400000, 0.227685, 0.700000) (0.000000, 0.000000)
(30.000002, -46.613098, 70.000008) (0.300000, 0.233869, 0.700000) (0.000000, 0.000000)
(30.000002, -40.583401, 80.000008) (0.300000, 0.294166, 0.800000) (0.000000, 0.000000)
(40.000000, -40.583401, 80.000008) (0.400000, 0.294166, 0.800000) (0.000000, 0.000000)
(30.000002, -46.613098, 70.000008) (0.300000, 0.233869, 0.700000) (0.000000, 0.000000)
(40.000000, -30.585400, 90.000008) (0.400000, 0.394146, 0.900000) (0.000000, 0.000000)
(40.000000, -40.583401, 80.000008) (0.400000, 0.294166, 0.800000) (0.000000, 0.000000)
(30.000002, -40.583401, 80.000008) (0.300000, 0.294166, 0.800000) (0.000000, 0.000000)
(30.000002, -27.575802, 90.000008) (0.300000, 0.424242, 0.900000) (0.000000, 0.000000)
(40.000000, -30.585400, 90.000008) (0.400000, 0.394146, 0.900000) (0.000000, 0.000000)
(30.000002, -40.583401, 80.000008) (0.300000, 0.294166, 0.800000) (0.000000, 0.000000)
(50.000000, -43.861099, 10.000000) (0.500000, 0.261389, 0.100000) (0.000000, 0.000000)
(50.000000, -58.672401, 0.000000) (0.500000, 0.113276, 0.000000) (0.000000, 0.000000)
(40.000000, -33.368401, 0.000000) (0.400000, 0.366316, 0.000000) (0.000000, 0.000000)
(40.000000, -30.399899, 10.000000) (0.400000, 0.396001, 0.100000) (0.000000, 0.000000)
(50.000000, -43.861099, 10.000000) (0.500000, 0.261389, 0.100000) (0.000000, 0.000000)
(40.000000, -33.368401, 0.000000) (0.400000, 0.366316, 0.000000) (0.000000, 0.000000)
(50.000000, -52.065598, 20.000000) (0.500000, 0.179344, 0.200000) (0.000000, 0.000000)
(50.000000, -43.861099, 10.000000) (0.500000, 0.261389, 0.100000) (0.000000, 0.000000)
(40.000000, -30.399899, 10.000000) (0.400000, 0.396001, 0.100000) (0.000000, 0.000000)
(40.000000, -37.553101, 20.000000) (0.400000, 0.324469, 0.200000) (0.000000, 0.000000)
(50.000000, -52.065598, 20.000000) (0.500000, 0.179344, 0.200000) (0.000000, 0.000000)
(40.000000, -30.399899, 10.000000) (0.400000, 0.396001, 0.100000) (0.000000, 0.000000)
(50.000000, -60.754478, 30.000002) (0.500000, 0.092455, 0.300000) (0.000000, 0.000000)
(50.000000, -52.065598, 20.000000) (0.500000, 0.179344, 0.200000) (0.000000, 0.000000)
(40.000000, -37.553101, 20.000000) (0.400000, 0.324469, 0.200000) (0.000000, 0.000000)
(40.000000, -33.605400, 30.000002) (0.400000, 0.363946, 0.300000) (0.000000, 0.000000)
(50.000000, -60.754478, 30.000002) (0.500000, 0.092455, 0.300000) (0.000000, 0.000000)
(40.000000, -37.553101, 20.000000) (0.400000, 0.324469, 0.200000) (0.000000, 0.000000)
(50.000000, -52.838600, 40.000000) (0.500000, 0.171614, 0.400000) (0.000000, 0.000000)
(50.000000, -60.754478, 30.000002) (0.500000, 0.092455, 0.300000) (0.000000, 0.000000)
(40.000000, -33.605400, 30.000002) (0.400000, 0.363946, 0.300000) (0.000000, 0.000000)
(40.000000, -59.404198, 40.000000) (0.400000, 0.105958, 0.400000) (0.000000, 0.000000)
(50.000000, -52.838600, 40.000000) (0.500000, 0.171614, 0.400000) (0.000000, 0.000000)
(40.000000, -33.605400, 30.000002) (0.400000, 0.363946, 0.300000) (0.000000, 0.000000)
(50.000000, -42.716999, 50.000000) (0.500000, 0.272830, 0.500000) (0.000000, 0.000000)
(50.000000, -52.838600, 40.000000) (0.500000, 0.171614, 0.400000) (0.000000, 0.000000)
(40.000000, -59.404198, 40.000000) (0.400000, 0.105958, 0.400000) (0.000000, 0.000000)
(40.000000, -42.716999, 50.000000) (0.400000, 0.272830, 0.500000) (0.000000, 0.000000)
(50.000000, -42.716999, 50.000000) (0.500000, 0.272830, 0.500000) (0.000000, 0.000000)
(40.000000, -59.404198, 40.000000) (0.400000, 0.105958, 0.400000) (0.000000, 0.000000)
(50.000000, -48.571400, 60.000004) (0.500000, 0.214286, 0.600000) (0.000000, 0.000000)
(50.000000, -42.716999, 50.000000) (0.500000, 0.272830, 0.500000) (0.000000, 0.000000)
(40.000000, -42.716999, 50.000000) (0.400000, 0.272830, 0.500000) (0.000000, 0.000000)
(40.000000, -48.571400, 60.000004) (0.400000, 0.214286, 0.600000) (0.000000, 0.000000)
(50.000000, -48.571400, 60.000004) (0.500000, 0.214286, 0.600000) (0.000000, 0.000000)
(40.000000, -42.716999, 50.000000) (0.400000, 0.272830, 0.500000) (0.000000, 0.000000)
(50.000000, -47.231499, 70.000008) (0.500000, 0.227685, 0.700000) (0.000000, 0.000000)
(50.000000, -48.571400, 60.000004) (0.500000, 0.214286, 0.600000) (0.000000, 0.000000)
(40.000000, -48.571400, 60.000004) (0.400000, 0.214286, 0.600000) (0.000000, 0.000000)
(40.000000, -47.231499, 70.000008) (0.400000, 0.227685, 0.700000) (0.000000, 0.000000)
(50.000000, -47.231499, 70.000008) (0.500000, 0.227685, 0.700000) (0.000000, 0.000000)
(40.000000, -48.571400, 60.000004) (0.400000, 0.214286, 0.600000) (0.000000, 0.000000)
(50.000000, -40.583401, 80.000008) (0.500000, 0.294166, 0.800000) (0.000000, 0.000000)
(50.000000, -47.231499, 70.000008) (0.500000, 0.227685, 0.700000) (0.000000, 0.000000)
(40.000000, -47.231499, 70.000008) (0.400000, 0.227685, 0.700000) (0.000000, 0.000000)
(40.000000, -40.583401, 80.000008) (0.400000, 0.294166, 0.800000) (0.000000, 0.000000)
(50.000000, -40.583401, 80.000008) (0.500000, 0.294166, 0.800000) (0.000000, 0.000000)
(40.000000, -47.231499, 70.000008) (0.400000, 0.227685, 0.700000) (0.000000, 0.000000)
(50.000000, -30.585400, 90.000008) (0.500000, 0.394146, 0.900000) (0.000000, 0.000000)
(50.000000, -40.583401, 80.000008) (0.500000, 0.294166, 0.800000) (0.000000, 0.000000)
(40.000000, -40.583401, 80.000008) (0.400000, 0.294166, 0.800000) (0.000000, 0.000000)
(40.000000, -30.585400, 90.000008) (0.400000, 0.394146, 0.900000) (0.000000, 0.000000)
(50.000000, -30.585400, 90.000008) (0.500000, 0.394146, 0.900000) (0.000000, 0.000000)
(40.000000, -40.583401, 80.000008) (0.400000, 0.294166, 0.800000) (0.000000, 0.000000)
(60.000004, -59.960800, 10.000000) (0.600000, 0.100392, 0.100000) (0.000000, 0.000000)
(60.000004, -59.960800, 0.000000) (0.600000, 0.100392, 0.000000) (0.000000, 0.000000)
(50.000000, -58.672401, 0.000000) (0.500000, 0.113276, 0.000000) (0.000000, 0.000000)
(50.000000, -43.861099, 10.000000) (0.500000, 0.261389, 0.100000) (0.000000, 0.000000)
(60.000004, -59.960800, 10.000000) (0.600000, 0.100392, 0.100000) (0.000000, 0.000000)
(50.000000, -58.672401, 0.000000) (0.500000, 0.113276, 0.000000) (0.000000, 0.000000)
(60.000004, -66.516182, 20.000000) (0.600000, 0.034838, 0.200000) (0.000000, 0.000000)
(60.000004, -59.960800, 10.000000) (0.600000, 0.100392, 0.100000) (0.000000, 0.000000)
(50.000000, -43.861099, 10.000000) (0.500000, 0.261389, 0.100000) (0.000000, 0.000000)
(50.000000, -52.065598, 20.000000) (0.500000, 0.179344, 0.200000) (0.000000, 0.000000)
(60.000004, -66.516182, 20.000000) (0.600000, 0.034838, 0.200000) (0.000000, 0.000000)
(50.000000, -43.861099, 10.000000) (0.500000, 0.261389, 0.100000) (0.000000, 0.000000)
(60.000004, -59.229000, 30.000002) (0.600000, 0.107710, 0.300000) (0.000000, 0.000000)
(60.000004, -66.516182, 20.000000) (0.600000, 0.034838, 0.200000) (0.000000, 0.000000)
(50.000000, -52.065598, 20.000000) (0.500000, 0.179344, 0.200000) (0.000000, 0.000000)
(50.000000, -60.754478, 30.000002) (0.500000, 0.092455, 0.300000) (0.000000, 0.000000)
(60.000004, -59.229000, 30.000002) (0.600000, 0.107710, 0.300000) (0.000000, 0.000000)
(50.000000, -52.065598, 20.000000) (0.500000, 0.179344, 0.200000) (0.000000, 0.000000)
(60.000004, -53.075699, 40.000000) (0.600000, 0.169243, 0.400000) (0.000000, 0.000000)
(60.000004, -59.229000, 30.000002) (0.600000, 0.107710, 0.300000) (0.000000, 0.000000)
(50.000000, -60.754478, 30.000002) (0.500000, 0.092455, 0.300000) (0.000000, 0.000000)
(50.000000, -52.838600, 40.000000) (0.500000, 0.171614, 0.400000) (0.000000, 0.000000)
(60.000004, -53.075699, 40.000000) (0.600000, 0.169243, 0.400000) (0.000000, 0.000000)
(50.000000, -60.754478, 30.000002) (0.500000, 0.092455, 0.300000) (0.000000, 0.000000)
(60.000004, -47.643799, 50.000000) (0.600000, 0.223562, 0.500000) (0.000000, 0.000000)
(60.000004, -53.075699, 40.000000) (0.600000, 0.169243, 0.400000) (0.000000, 0.000000)
(50.000000, -52.838600, 40.000000) (0.500000, 0.171614, 0.400000) (0.000000, 0.000000)
(50.000000, -42.716999, 50.000000) (0.500000, 0.272830, 0.500000) (0.000000, 0.000000)
(60.000004, -47.643799, 50.000000) (0.600000, 0.223562, 0.500000) (0.000000, 0.000000)
(50.000000, -52.838600, 40.000000) (0.500000, 0.171614, 0.400000) (0.000000, 0.000000)
(60.000004, -46.561501, 60.000004) (0.600000, 0.234385, 0.600000) (0.000000, 0.000000)
(60.000004, -47.643799, 50.000000) (0.600000, 0.223562, 0.500000) (0.000000, 0.000000)
(50.000000, -42.716999, 50.000000) (0.500000, 0.272830, 0.500000) (0.000000, 0.000000)
(50.000000, -48.571400, 60.000004) (0.500000, 0.214286, 0.600000) (0.000000, 0.000000)
(60.000004, -46.561501, 60.000004) (0.600000, 0.234385, 0.600000) (0.000000, 0.000000)
(50.000000, -42.716999, 50.000000) (0.500000, 0.272830, 0.500000) (0.000000, 0.000000)
(60.000004, -47.623199, 70.000008) (0.600000, 0.223768, 0.700000) (0.000000, 0.000000)
(60.000004, -46.561501, 60.000004) (0.600000, 0.234385, 0.600000) (0.000000, 0.000000)
(50.000000, -48.571400, 60.000004) (0.500000, 0.214286, 0.600000) (0.000000, 0.000000)
(50.000000, -47.231499, 70.000008) (0.500000, 0.227685, 0.700000) (0.000000, 0.000000)
(60.000004, -47.623199, 70.000008) (0.600000, 0.223768, 0.700000) (0.000000, 0.000000)
(50.000000, -48.571400, 60.000004) (0.500000, 0.214286, 0.600000) (0.000000, 0.000000)
(60.000004, -40.583401, 80.000008) (0.600000, 0.294166, 0.800000) (0.000000, 0.000000)
(60.000004, -47.623199, 70.000008) (0.600000, 0.223768, 0.700000) (0.000000, 0.000000)
(50.000000, -47.231499, 70.000008) (0.500000, 0.227685, 0.700000) (0.000000, 0.000000)
(50.000000, -40.583401, 80.000008) (0.500000, 0.294166, 0.800000) (0.000000, 0.000000)
(60.000004, -40.583401, 80.000008) (0.600000, 0.294166, 0.800000) (0.000000, 0.000000)
(50.000000, -47.231499, 70.000008) (0.500000, 0.227685, 0.700000) (0.000000, 0.000000)
(60.000004, -43.036499, 90.000008) (0.600000, 0.269635, 0.900000) (0.000000, 0.000000)
(60.000004, -40.583401, 80.000008) (0.600000, 0.294166, 0.800000) (0.000000, 0.000000)
(50.000000, -40.583401, 80.000008) (0.500000, 0.294166, 0.800000) (0.000000, 0.000000)
(50.000000, -30.585400, 90.000008) (0.500000, 0.394146, 0.900000) (0.000000, 0.000000)
(60.000004, -43.036499, 90.000008) (0.600000, 0.269635, 0.900000) (0.000000, 0.000000)
(50.000000, -40.583401, 80.000008) (0.500000, 0.294166, 0.800000) (0.000000, 0.000000)
(70.000008, -45.953400, 10.000000) (0.700000, 0.240466, 0.100000) (0.000000, 0.000000)
(70.000008, -47.149002, 0.000000) (0.700000, 0.228510, 0.000000) (0.000000, 0.000000)
(60.000004, -59.960800, 0.000000) (0.600000, 0.100392, 0.000000) (0.000000, 0.000000)
(60.000004, -59.960800, 10.000000) (0.600000, 0.100392, 0.100000) (0.000000, 0.000000)
(70.000008, -45.953400, 10.000000) (0.700000, 0.240466, 0.100000) (0.000000, 0.000000)
(60.000004, -59.960800, 0.000000) (0.600000, 0.100392, 0.000000) (0.000000, 0.000000)
(70.000008, -66.516182, 20.000000) (0.700000, 0.034838, 0.200000) (0.000000, 0.000000)
(70.000008, -45.953400, 10.000000) (0.700000, 0.240466, 0.100000) (0.000000, 0.000000)
(60.000004, -59.960800, 10.000000) (0.600000, 0.100392, 0.100000) (0.000000, 0.000000)
(60.000004, -66.516182, 20.000000) (0.600000, 0.034838, 0.200000) (0.000000, 0.000000)
(70.000008, -66.516182, 20.000000) (0.700000, 0.034838, 0.200000) (0.000000, 0.000000)
(60.000004, -59.960800, 10.000000) (0.600000, 0.100392, 0.100000) (0.000000, 0.000000)
(70.000008, -56.734699, 30.000002) (0.700000, 0.132653, 0.300000) (0.000000, 0.000000)
(70.000008, -66.516182, 20.000000) (0.700000, 0.034838, 0.200000) (0.000000, 0.000000)
(60.000004, -66.516182, 20.000000) (0.600000, 0.034838, 0.200000) (0.000000, 0.000000)
(60.000004, -59.229000, 30.000002) (0.600000, 0.107710, 0.300000) (0.000000, 0.000000)
(70.000008, -56.734699, 30.000002) (0.700000, 0.132653, 0.300000) (0.000000, 0.000000)
(60.000004, -66.516182, 20.000000) (0.600000, 0.034838, 0.200000) (0.000000, 0.000000)
(70.000008, -52.189201, 40.000000) (0.700000, 0.178108, 0.400000) (0.000000, 0.000000)
(70.000008, -56.734699, 30.000002) (0.700000, 0.132653, 0.300000) (0.000000, 0.000000)
(60.000004, -59.229000, 30.000002) (0.600000, 0.107710, 0.300000) (0.000000, 0.000000)
(60.000004, -53.075699, 40.000000) (0.600000, 0.169243, 0.400000) (0.000000, 0.000000)
(70.000008, -52.189201, 40.000000) (0.700000, 0.178108, 0.400000) (0.000000, 0.000000)
(60.000004, -59.229000, 30.000002) (0.600000, 0.107710, 0.300000) (0.000000, 0.000000)
(70.000008, -47.819000, 50.000000) (0.700000, 0.221810, 0.500000) (0.000000, 0.000000)
(70.000008, -52.189201, 40.000000) (0.700000, 0.178108, 0.400000) (0.000000, 0.000000)
(60.000004, -53.075699, 40.000000) (0.600000, 0.169243, 0.400000) (0.000000, 0.000000)
(60.000004, -47.643799, 50.000000) (0.600000, 0.223562, 0.500000) (0.000000, 0.000000)
(70.000008, -47.819000, 50.000000) (0.700000, 0.221810, 0.500000) (0.000000, 0.000000)
(60.000004, -53.075699, 40.000000) (0.600000, 0.169243, 0.400000) (0.000000, 0.000000)
(70.000008, -46.561501, 60.000004) (0.700000, 0.234385, 0.600000) (0.000000, 0.000000)
(70.000008, -47.819000, 50.000000) (0.700000, 0.221810, 0.500000) (0.000000, 0.000000)
(60.000004, -47.643799, 50.000000) (0.600000, 0.223562, 0.500000) (0.000000, 0.000000)
(60.000004, -46.561501, 60.000004) (0.600000, 0.234385, 0.600000) (0.000000, 0.000000)
(70.000008, -46.561501, 60.000004) (0.700000, 0.234385, 0.600000) (0.000000, 0.000000)
(60.000004, -47.643799, 50.000000) (0.600000, 0.223562, 0.500000) (0.000000, 0.000000)
(70.000008, -47.623199, 70.000008) (0.700000, 0.223768, 0.700000) (0.000000, 0.000000)
(70.000008, -46.561501, 60.000004) (0.700000, 0.234385, 0.600000) (0.000000, 0.000000)
(60.000004, -46.561501, 60.000004) (0.600000, 0.234385, 0.600000) (0.000000, 0.000000)
(60.000004, -47.623199, 70.000008) (0.600000, 0.223768, 0.700000) (0.000000, 0.000000)
(70.000008, -47.623199, 70.000008) (0.700000, 0.223768, 0.700000) (0.000000, 0.000000)
(60.000004, -46.561501, 60.000004) (0.600000, 0.234385, 0.600000) (0.000000, 0.000000)
(70.000008, -40.583401, 80.000008) (0.700000, 0.294166, 0.800000) (0.000000, 0.000000)
(70.000008, -47.623199, 70.000008) (0.700000, 0.223768, 0.700000) (0.000000, 0.000000)
(60.000004, -47.623199, 70.000008) (0.600000, 0.223768, 0.700000) (0.000000, 0.000000)
(60.000004, -40.583401, 80.000008) (0.600000, 0.294166, 0.800000) (0.000000, 0.000000)
(70.000008, -40.583401, 80.000008) (0.700000, 0.294166, 0.800000) (0.000000, 0.000000)
(60.000004, -47.623199, 70.000008) (0.600000, 0.223768, 0.700000) (0.000000, 0.000000)
(70.000008, -43.036499, 90.000008) (0.700000, 0.269635, 0.900000) (0.000000, 0.000000)
(70.000008, -40.583401, 80.000008) (0.700000, 0.294166, 0.800000) (0.000000, 0.000000)
(60.000004, -40.583401, 80.000008) (0.600000, 0.294166, 0.800000) (0.000000, 0.000000)
(60.000004, -43.036499, 90.000008) (0.600000, 0.269635, 0.900000) (0.000000, 0.000000)
(70.000008, -43.036499, 90.000008) (0.700000, 0.269635, 0.900000) (0.000000, 0.000000)
(60.000004, -40.583401, 80.000008) (0.600000, 0.294166, 0.800000) (0.000000, 0.000000)
(80.000008, -43.593102, 10.000000) (0.800000, 0.264069, 0.100000) (0.000000, 0.000000)
(80.000008, -43.922897, 0.000000) (0.800000, 0.260771, 0.000000) (0.000000, 0.000000)
(70.000008, -47.149002, 0.000000) (0.700000, 0.228510, 0.000000) (0.000000, 0.000000)
(70.000008, -45.953400, 10.000000) (0.700000, 0.240466, 0.100000) (0.000000, 0.000000)
(80.000008, -43.593102, 10.000000) (0.800000, 0.264069, 0.100000) (0.000000, 0.000000)
(70.000008, -47.149002, 0.000000) (0.700000, 0.228510, 0.000000) (0.000000, 0.000000)
(80.000008, -66.516182, 20.000000) (0.800000, 0.034838, 0.200000) (0.000000, 0.000000)
(80.000008, -43.593102, 10.000000) (0.800000, 0.264069, 0.100000) (0.000000, 0.000000)
(70.000008, -45.953400, 10.000000) (0.700000, 0.240466, 0.100000) (0.000000, 0.000000)
(70.000008, -66.516182, 20.000000) (0.700000, 0.034838, 0.200000) (0.000000, 0.000000)
(80.000008, -66.516182, 20.000000) (0.800000, 0.034838, 0.200000) (0.000000, 0.000000)
(70.000008, -45.953400, 10.000000) (0.700000, 0.240466, 0.100000) (0.000000, 0.000000)
(80.000008, -51.560501, 30.000002) (0.800000, 0.184395, 0.300000) (0.000000, 0.000000)
(80.000008, -66.516182, 20.000000) (0.800000, 0.034838, 0.200000) (0.000000, 0.000000)
(70.000008, -66.516182, 20.000000) (0.700000, 0.034838, 0.200000) (0.000000, 0.000000)
(70.000008, -56.734699, 30.000002) (0.700000, 0.132653, 0.300000) (0.000000, 0.000000)
(80.000008, -51.560501, 30.000002) (0.800000, 0.184395, 0.300000) (0.000000, 0.000000)
(70.000008, -66.516182, 20.000000) (0.700000, 0.034838, 0.200000) (0.000000, 0.000000)
(80.000008, -51.189400, 40.000000) (0.800000, 0.188106, 0.400000) (0.000000, 0.000000)
(80.000008, -51.560501, 30.000002) (0.800000, 0.184395, 0.300000) (0.000000, 0.000000)
(70.000008, -56.734699, 30.000002) (0.700000, 0.132653, 0.300000) (0.000000, 0.000000)
(70.000008, -52.189201, 40.000000) (0.700000, 0.178108, 0.400000) (0.000000, 0.000000)
(80.000008, -51.189400, 40.000000) (0.800000, 0.188106, 0.400000) (0.000000, 0.000000)
(70.000008, -56.734699, 30.000002) (0.700000, 0.132653, 0.300000) (0.000000, 0.000000)
(80.000008, -57.322197, 50.000000) (0.800000, 0.126778, 0.500000) (0.000000, 0.000000)
(80.000008, -51.189400, 40.000000) (0.800000, 0.188106, 0.400000) (0.000000, 0.000000)
(70.000008, -52.189201, 40.000000) (0.700000, 0.178108, 0.400000) (0.000000, 0.000000)
(70.000008, -47.819000, 50.000000) (0.700000, 0.221810, 0.500000) (0.000000, 0.000000)
(80.000008, -57.322197, 50.000000) (0.800000, 0.126778, 0.500000) (0.000000, 0.000000)
(70.000008, -52.189201, 40.000000) (0.700000, 0.178108, 0.400000) (0.000000, 0.000000)
(80.000008, -45.036102, 60.000004) (0.800000, 0.249639, 0.600000) (0.000000, 0.000000)
(80.000008, -57.322197, 50.000000) (0.800000, 0.126778, 0.500000) (0.000000, 0.000000)
(70.000008, -47.819000, 50.000000) (0.700000, 0.221810, 0.500000) (0.000000, 0.000000)
(70.000008, -46.561501, 60.000004) (0.700000, 0.234385, 0.600000) (0.000000, 0.000000)
(80.000008, -45.036102, 60.000004) (0.800000, 0.249639, 0.600000) (0.000000, 0.000000)
(70.000008, -47.819000, 50.000000) (0.700000, 0.221810, 0.500000) (0.000000, 0.000000)
(80.000008, -37.975700, 70.000008) (0.800000, 0.320243, 0.700000) (0.000000, 0.000000)
(80.000008, -45.036102, 60.000004) (0.800000, 0.249639, 0.600000) (0.000000, 0.000000)
(70.000008, -46.561501, 60.000004) (0.700000, 0.234385, 0.600000) (0.000000, 0.000000)
(70.000008, -47.623199, 70.000008) (0.700000, 0.223768, 0.700000) (0.000000, 0.000000)
(80.000008, -37.975700, 70.000008) (0.800000, 0.320243, 0.700000) (0.000000, 0.000000)
(70.000008, -46.561501, 60.000004) (0.700000, 0.234385, 0.600000) (0.000000, 0.000000)
(80.000008, -40.583401, 80.000008) (0.800000, 0.294166, 0.800000) (0.000000, 0.000000)
(80.000008, -37.975700, 70.000008) (0.800000, 0.320243, 0.700000) (0.000000, 0.000000)
(70.000008, -47.623199, 70.000008) (0.700000, 0.223768, 0.700000) (0.000000, 0.000000)
(70.000008, -40.583401, 80.000008) (0.700000, 0.294166, 0.800000) (0.000000, 0.000000)
(80.000008, -40.583401, 80.000008) (0.800000, 0.294166, 0.800000) (0.000000, 0.000000)
(70.000008, -47.623199, 70.000008) (0.700000, 0.223768, 0.700000) (0.000000, 0.000000)
(80.000008, -43.036499, 90.000008) (0.800000, 0.269635, 0.900000) (0.000000, 0.000000)
(80.000008, -40.583401, 80.000008) (0.800000, 0.294166, 0.800000) (0.000000, 0.000000)
(70.000008, -40.583401, 80.000008) (0.700000, 0.294166, 0.800000) (0.000000, 0.000000)
(70.000008, -43.036499, 90.000008) (0.700000, 0.269635, 0.900000) (0.000000, 0.000000)
(80.000008, -43.036499, 90.000008) (0.800000, 0.269635, 0.900000) (0.000000, 0.000000)
(70.000008, -40.583401, 80.000008) (0.700000, 0.294166, 0.800000) (0.000000, 0.000000)
(90.000008, -35.089699, 10.000000) (0.900000, 0.349103, 0.100000) (0.000000, 0.000000)
(90.000008, -34.677399, 0.000000) (0.900000, 0.353226, 0.000000) (0.000000, 0.000000)
(80.000008, -43.922897, 0.000000) (0.800000, 0.260771, 0.000000) (0.000000, 0.000000)
(80.000008, -43.593102, 10.000000) (0.800000, 0.264069, 0.100000) (0.000000, 0.000000)
(90.000008, -35.089699, 10.000000) (0.900000, 0.349103, 0.100000) (0.000000, 0.000000)
(80.000008, -43.922897, 0.000000) (0.800000, 0.260771, 0.000000) (0.000000, 0.000000)
(90.000008, -66.516182, 20.000000) (0.900000, 0.034838, 0.200000) (0.000000, 0.000000)
(90.000008, -35.089699, 10.000000) (0.900000, 0.349103, 0.100000) (0.000000, 0.000000)
(80.000008, -43.593102, 10.000000) (0.800000, 0.264069, 0.100000) (0.000000, 0.000000)
(80.000008, -66.516182, 20.000000) (0.800000, 0.034838, 0.200000) (0.000000, 0.000000)
(90.000008, -66.516182, 20.000000) (0.900000, 0.034838, 0.200000) (0.000000, 0.000000)
(80.000008, -43.593102, 10.000000) (0.800000, 0.264069, 0.100000) (0.000000, 0.000000)
(90.000008, -41.985199, 30.000002) (0.900000, 0.280148, 0.300000) (0.000000, 0.000000)
(90.000008, -66.516182, 20.000000) (0.900000, 0.034838, 0.200000) (0.000000, 0.000000)
(80.000008, -66.516182, 20.000000) (0.800000, 0.034838, 0.200000) (0.000000, 0.000000)
(80.000008, -51.560501, 30.000002) (0.800000, 0.184395, 0.300000) (0.000000, 0.000000)
(90.000008, -41.985199, 30.000002) (0.900000, 0.280148, 0.300000) (0.000000, 0.000000)
(80.000008, -66.516182, 20.000000) (0.800000, 0.034838, 0.200000) (0.000000, 0.000000)
(90.000008, -27.173801, 40.000000) (0.900000, 0.428262, 0.400000) (0.000000, 0.000000)
(90.000008, -41.985199, 30.000002) (0.900000, 0.280148, 0.300000) (0.000000, 0.000000)
(80.000008, -51.560501, 30.000002) (0.800000, 0.184395, 0.300000) (0.000000, 0.000000)
(80.000008, -51.189400, 40.000000) (0.800000, 0.188106, 0.400000) (0.000000, 0.000000)
(90.000008, -27.173801, 40.000000) (0.900000, 0.428262, 0.400000) (0.000000, 0.000000)
(80.000008, -51.560501, 30.000002) (0.800000, 0.184395, 0.300000) (0.000000, 0.000000)
(90.000008, -38.697197, 50.000000) (0.900000, 0.313028, 0.500000) (0.000000, 0.000000)
(90.000008, -27.173801, 40.000000) (0.900000, 0.428262, 0.400000) (0.000000, 0.000000)
(80.000008, -51.189400, 40.000000) (0.800000, 0.188106, 0.400000) (0.000000, 0.000000)
(80.000008, -57.322197, 50.000000) (0.800000, 0.126778, 0.500000) (0.000000, 0.000000)
(90.000008, -38.697197, 50.000000) (0.900000, 0.313028, 0.500000) (0.000000, 0.000000)
(80.000008, -51.189400, 40.000000) (0.800000, 0.188106, 0.400000) (0.000000, 0.000000)
(90.000008, -45.036102, 60.000004) (0.900000, 0.249639, 0.600000) (0.000000, 0.000000)
(90.000008, -38.697197, 50.000000) (0.900000, 0.313028, 0.500000) (0.000000, 0.000000)
(80.000008, -57.322197, 50.000000) (0.800000, 0.126778, 0.500000) (0.000000, 0.000000)
(80.000008, -45.036102, 60.000004) (0.800000, 0.249639, 0.600000) (0.000000, 0.000000)
(90.000008, -45.036102, 60.000004) (0.900000, 0.249639, 0.600000) (0.000000, 0.000000)
(80.000008, -57.322197, 50.000000) (0.800000, 0.126778, 0.500000) (0.000000, 0.000000)
(90.000008, -38.284897, 70.000008) (0.900000, 0.317151, 0.700000) (0.000000, 0.000000)
(90.000008, -45.036102, 60.000004) (0.900000, 0.249639, 0.600000) (0.000000, 0.000000)
(80.000008, -45.036102, 60.000004) (0.800000, 0.249639, 0.600000) (0.000000, 0.000000)
(80.000008, -37.975700, 70.000008) (0.800000, 0.320243, 0.700000) (0.000000, 0.000000)
(90.000008, -38.284897, 70.000008) (0.900000, 0.317151, 0.700000) (0.000000, 0.000000)
(80.000008, -45.036102, 60.000004) (0.800000, 0.249639, 0.600000) (0.000000, 0.000000)
(90.000008, -40.583401, 80.000008) (0.900000, 0.294166, 0.800000) (0.000000, 0.000000)
(90.000008, -38.284897, 70.000008) (0.900000, 0.317151, 0.700000) (0.000000, 0.000000)
(80.000008, -37.975700, 70.000008) (0.800000, 0.320243, 0.700000) (0.000000, 0.000000)
(80.000008, -40.583401, 80.000008) (0.800000, 0.294166, 0.800000) (0.000000, 0.000000)
(90.000008, -40.583401, 80.000008) (0.900000, 0.294166, 0.800000) (0.000000, 0.000000)
(80.000008, -37.975700, 70.000008) (0.800000, 0.320243, 0.700000) (0.000000, 0.000000)
(90.000008, -30.750401, 90.000008) (0.900000, 0.392496, 0.900000) (0.000000, 0.000000)
(90.000008, -40.583401, 80.000008) (0.900000, 0.294166, 0.800000) (0.000000, 0.000000)
(80.000008, -40.583401, 80.000008) (0.800000, 0.294166, 0.800000) (0.000000, 0.000000)
(80.000008, -43.036499, 90.000008) (0.800000, 0.269635, 0.900000) (0.000000, 0.000000)
(90.000008, -30.750401, 90.000008) (0.900000, 0.392496, 0.900000) (0.000000, 0.000000)
(80.000008, -40.583401, 80.000008) (0.800000, 0.294166, 0.800000) (0.000000, 0.000000)
3.000000 1.000000 -1.000000
9.000000 -1.000000 0.000000
4.000000 2.000000 -1.000000
11.000000 -1.000000 1.000000
5.000000 3.000000 -1.000000
12.000000 0.000000 2.000000
6.000000 4.000000 -1.000000
13.000000 1.000000 3.000000
7.000000 5.000000 -1.000000
14.000000 2.000000 4.000000
8.000000 6.000000 -1.000000
15.000000 3.000000 5.000000
9.000000 7.000000 -1.000000
16.000000 4.000000 6.000000
10.000000 8.000000 -1.000000
17.000000 5.000000 7.000000
11.000000 9.000000 -1.000000
18.000000 6.000000 8.000000
12.000000 10.000000 0.000000
19.000000 -1.000000 9.000000
12.000000 10.000000 0.000000
19.000000 7.000000 9.000000
13.000000 11.000000 1.000000
20.000000 8.000000 10.000000
14.000000 12.000000 2.000000
21.000000 9.000000 11.000000
15.000000 13.000000 3.000000
22.000000 10.000000 12.000000
16.000000 14.000000 4.000000
23.000000 11.000000 13.000000
17.000000 15.000000 5.000000
24.000000 12.000000 14.000000
18.000000 16.000000 6.000000
25.000000 13.000000 15.000000
19.000000 17.000000 7.000000
26.000000 14.000000 16.000000
20.000000 18.000000 8.000000
27.000000 15.000000 17.000000
21.000000 19.000000 9.000000
28.000000 -1.000000 18.000000
21.000000 19.000000 9.000000
28.000000 16.000000 18.000000
22.000000 20.000000 10.000000
29.000000 17.000000 19.000000
23.000000 21.000000 11.000000
30.000000 18.000000 20.000000
24.000000 22.000000 12.000000
31.000000 19.000000 21.000000
25.000000 23.000000 13.000000
32.000000 20.000000 22.000000
26.000000 24.000000 14.000000
33.000000 21.000000 23.000000
27.000000 25.000000 15.000000
34.000000 22.000000 24.000000
28.000000 26.000000 16.000000
35.000000 23.000000 25.000000
29.000000 27.000000 17.000000
36.000000 24.000000 26.000000
30.000000 28.000000 18.000000
37.000000 -1.000000 27.000000
30.000000 28.000000 18.000000
37.000000 25.000000 27.000000
31.000000 29.000000 19.000000
38.000000 26.000000 28.000000
32.000000 30.000000 20.000000
39.000000 27.000000 29.000000
33.000000 31.000000 21.000000
40.000000 28.000000 30.000000
34.000000 32.000000 22.000000
41.000000 29.000000 31.000000
35.000000 33.000000 23.000000
42.000000 30.000000 32.000000
36.000000 34.000000 24.000000
43.000000 31.000000 33.000000
37.000000 35.000000 25.000000
44.000000 32.000000 34.000000
38.000000 36.000000 26.000000
45.000000 33.000000 35.000000
39.000000 37.000000 27.000000
46.000000 -1.000000 36.000000
39.000000 37.000000 27.000000
46.000000 34.000000 36.000000
40.000000 38.000000 28.000000
47.000000 35.000000 37.000000
41.000000 39.000000 29.000000
48.000000 36.000000 38.000000
42.000000 40.000000 30.000000
49.000000 37.000000 39.000000
43.000000 41.000000 31.000000
50.000000 38.000000 40.000000
44.000000 42.000000 32.000000
51.000000 39.000000 41.000000
45.000000 43.000000 33.000000
52.000000 40.000000 42.000000
46.000000 44.000000 34.000000
53.000000 41.000000 43.000000
47.000000 45.000000 35.000000
54.000000 42.000000 44.000000
48.000000 46.000000 36.000000
55.000000 -1.000000 45.000000
48.000000 46.000000 36.000000
55.000000 43.000000 45.000000
49.000000 47.000000 37.000000
56.000000 44.000000 46.000000
50.000000 48.000000 38.000000
57.000000 45.000000 47.000000
51.000000 49.000000 39.000000
58.000000 46.000000 48.000000
52.000000 50.000000 40.000000
59.000000 47.000000 49.000000
53.000000 51.000000 41.000000
60.000000 48.000000 50.000000
54.000000 52.000000 42.000000
61.000000 49.000000 51.000000
55.000000 53.000000 43.000000
62.000000 50.000000 52.000000
56.000000 54.000000 44.000000
63.000000 51.000000 53.000000
57.000000 55.000000 45.000000
64.000000 -1.000000 54.000000
57.000000 55.000000 45.000000
64.000000 52.000000 54.000000
58.000000 56.000000 46.000000
65.000000 53.000000 55.000000
59.000000 57.000000 47.000000
66.000000 54.000000 56.000000
60.000000 58.000000 48.000000
67.000000 55.000000 57.000000
61.000000 59.000000 49.000000
68.000000 56.000000 58.000000
62.000000 60.000000 50.000000
69.000000 57.000000 59.000000
63.000000 61.000000 51.000000
70.000000 58.000000 60.000000
64.000000 62.000000 52.000000
71.000000 59.000000 61.000000
65.000000 63.000000 53.000000
72.000000 60.000000 62.000000
66.000000 64.000000 54.000000
73.000000 -1.000000 63.000000
66.000000 64.000000 54.000000
73.000000 61.000000 63.000000
67.000000 65.000000 55.000000
74.000000 62.000000 64.000000
68.000000 66.000000 56.000000
75.000000 63.000000 65.000000
69.000000 67.000000 57.000000
76.000000 64.000000 66.000000
70.000000 68.000000 58.000000
77.000000 65.000000 67.000000
71.000000 69.000000 59.000000
78.000000 66.000000 68.000000
72.000000 70.000000 60.000000
79.000000 67.000000 69.000000
73.000000 71.000000 61.000000
80.000000 68.000000 70.000000
74.000000 72.000000 62.000000
81.000000 69.000000 71.000000
75.000000 73.000000 63.000000
82.000000 -1.000000 72.000000
75.000000 73.000000 63.000000
82.000000 70.000000 72.000000
76.000000 74.000000 64.000000
83.000000 71.000000 73.000000
77.000000 75.000000 65.000000
84.000000 72.000000 74.000000
78.000000 76.000000 66.000000
85.000000 73.000000 75.000000
79.000000 77.000000 67.000000
86.000000 74.000000 76.000000
80.000000 78.000000 68.000000
87.000000 75.000000 77.000000
81.000000 79.000000 69.000000
88.000000 76.000000 78.000000
82.000000 80.000000 70.000000
89.000000 77.000000 79.000000
83.000000 81.000000 71.000000
90.000000 78.000000 80.000000
