24
8
(0.000000, 0.500000, 15.000000) (1.000000, 0.000000, 0.000000) (0.000000, 0.000000)
(15.000000, 2.000000, 0.000000) (1.000000, 0.000000, 0.000000) (0.000000, 0.000000)
(0.000000, 2.000000, 0.000000) (1.000000, 0.000000, 0.000000) (0.000000, 0.000000)
(15.000000, 0.000000, 15.000000) (0.000000, 1.000000, 0.000000) (0.000000, 0.000000)
(15.000000, 2.000000, 0.000000) (0.000000, 1.000000, 0.000000) (0.000000, 0.000000)
(0.000000, 0.500000, 15.000000) (0.000000, 1.000000, 0.000000) (0.000000, 0.000000)
(15.000000, 0.000000, 15.000000) (0.000000, 0.000000, 1.000000) (0.000000, 0.000000)
(30.000000, 0.500000, 0.000000) (0.000000, 0.000000, 1.000000) (0.000000, 0.000000)
(15.000000, 2.000000, 0.000000) (0.000000, 0.000000, 1.000000) (0.000000, 0.000000)
(30.000000, 2.000000, 15.000000) (1.000000, 0.000000, 0.000000) (0.000000, 0.000000)
(30.000000, 0.500000, 0.000000) (1.000000, 0.000000, 0.000000) (0.000000, 0.000000)
(15.000000, 0.000000, 15.000000) (1.000000, 0.000000, 0.000000) (0.000000, 0.000000)
(30.000000, 0.500000, 30.000000) (0.000000, 1.000000, 0.000000) (0.000000, 0.000000)
(30.000000, 2.000000, 15.000000) (0.000000, 1.000000, 0.000000) (0.000000, 0.000000)
(15.000000, 0.000000, 15.000000) (0.000000, 1.000000, 0.000000) (0.000000, 0.000000)
(30.000000, 0.500000, 30.000000) (0.000000, 0.000000, 1.000000) (0.000000, 0.000000)
(15.000000, 0.000000, 15.000000) (0.000000, 0.000000, 1.000000) (0.000000, 0.000000)
(15.000000, 2.000000, 30.000000) (0.000000, 0.000000, 1.000000) (0.000000, 0.000000)
(15.000000, 2.000000, 30.000000) (1.000000, 0.000000, 0.000000) (0.000000, 0.000000)
(15.000000, 0.000000, 15.000000) (1.000000, 0.000000, 0.000000) (0.000000, 0.000000)
(0.000000, 0.500000, 15.000000) (1.000000, 0.000000, 0.000000) (0.000000, 0.000000)
(0.000000, 2.000000, 30.000000) (0.000000, 1.000000, 0.000000) (0.000000, 0.000000)
(15.000000, 2.000000, 30.000000) (0.000000, 1.000000, 0.000000) (0.000000, 0.000000)
(0.000000, 0.500000, 15.000000) (0.000000, 1.000000, 0.000000) (0.000000, 0.000000)
-1.000000 -1.000000 1.000000
0.000000 6.000000 2.000000
-1.000000 1.000000 3.000000
2.000000 4.000000 -1.000000
3.000000 5.000000 -1.000000
6.000000 -1.000000 5.000000
1.000000 7.000000 5.000000
6.000000 -1.000000 -1.000000
